$ANSIBLE_VAULT;1.1;AES256
66313865353962383231336465396361656361363736336535613461306636643033626136643139
3061336330366162643639316164396238653061316631610a383830653364643731613536613565
61636631646336326233613831653330353063363733313565623666386138353533353665373530
3862353864623765360a353234613134386238346664633162316162623137303837376235373262
61623636386665356363643239336363346537393138656631653736376333383830643732346131
33346333393736323861343563646663613636613166393866333166646661636465666664663662
31663661616666316339626131633932363137343065653164373337396162343465366262383031
32633333313333623961313136616236653739303762653630333462393163633135636230373064
33323363653339626365633437333132653039626231336161323465623831613439653566653036
37616431396261343661353666336232633262633664343261656134353731633031336536383730
37616361323764363033666632313630646639383835353533303366353162356666633562643563
38333332386135393335383033356536666431623664376632633832326463333634383839353531
65626539393266356662306334383039353137636138373833333139386235613865376136633035
33623565663962636533626564616631366166623565313831663964396432393632636265303234
63356562383734623063633131356533303130643661373138643866333666363763313066303462
34333539353534343861313266633436653631616364646262333562376239383335636335663434
65373931333261663761626334393239373034336539393830346537366334613231353430313939
62333961643866306636336362326666636366333638646436306537346163353730333936613331
66393064613232336539616133386662366634613033653564663936653738383565633139393837
35303064363564383561613039383635643266333231356665643335623335306532306139623034
66646133613264326664316137383135613337353864373837643066326635333363383331326561
37643730363135663039333835353464306662366434343761353031326639313635303430386438
36373366313166626665303235633266346633616262613062643366623161336263326139363965
32343637373266613965303435323763383965396431636466626237373830346564323232633933
37323462303961663065656565313934383235666462646365393061323362666638383432386164
30626361653132306230336336646335303937343335663666653130653166633038343432653034
37663931643535396662313131323239313738663231626531616633333838306533636430623732
30323862313066656265623639343932633466376534663339316562333437643834333431663262
33303864363666313064633630386537666565636238633261636434663362626666373462343935
31386561643361613037376537666537306263313135326235306666353766383234643565326264
66636465343765316532323566373563616566633063383637346538623235643266636231376238
61303164303462313333313163323537333431656265666464626465653730386163346463356334
63623439353632333561643735393165343131313733313238323662333964393465366263316164
66663565316462323566376163343938636631356134313137653035313539306430376335376562
66306366353536363532376665376231623062633133643839396239323732313166323938306662
30303839633930383437
